24,3
24,2
24,1
24,0
23,60
23,59
23,58
23,57
23,56
23,55
23,54
23,53
23,52
23,51
23,50
23,49
23,48
23,47
23,46
23,45
23,44
23,43
23,42
23,41
23,40
23,39
23,38
23,37
23,36
23,35
17,2
17,1
17,3
15,2
15,1
15,3
16,2
16,1
16,3
13,2
14,2
4,40
4,26
4,16
4,17
4,4
4,24
4,27
4,78
4,6
4,18
4,1
4,74
4,2
4,3
6,6
6,4
6,7
6,1
6,5
6,2
6,3
7,15
7,14
7,12
7,4
7,11
7,6
7,1
7,16
7,2
7,3
5,4
5,2
5,1
5,3
3,2
10,162
10,99
10,165
10,119
10,33
10,194
10,205
10,2
10,3
11,18
11,19
11,5
11,20
11,2
11,3
9,5
9,2
9,3
8,7
8,4
8,2
8,3
12,2
12,1
12,3
20,2
20,1
20,3
19,2
19,1
19,3
18,1
18,3
14,1
14,3
13,1
13,3
2,2
2,1
2,3
11,30
11,29
11,28
11,27
11,26
11,25
11,24
11,23
11,22
11,1
11,21
